{
 "cells": [
  {
   "cell_type": "markdown",
   "metadata": {},
   "source": [
    "# Singular Value Decomposition - Algorithms and Error Analysis\n",
    "\n",
    "---\n",
    "\n",
    "We study only algorithms for real matrices, which are most commonly used in the applications described in this course. \n",
    "\n",
    "\n",
    "For more details, see \n",
    "[A. Kaylor Cline and I. Dhillon, Computation of the Singular Value Decomposition][Hog14] and the references therein.\n",
    "\n",
    "[Hog14]: #1 \"L. Hogben, ed., 'Handbook of Linear Algebra', pp. 58.1-58.13, CRC Press, Boca Raton, 2014.\"\n",
    "\n",
    "\n",
    "## Prerequisites\n",
    "\n",
    "The reader should be familiar with facts about the singular value decomposition and perturbation theory and algorithms for the symmetric eigenvalue decomposition.\n",
    "\n",
    " \n",
    "## Competences \n",
    "\n",
    "The reader should be able to apply an adequate algorithm to a given problem, and to assess the accuracy of the solution.\n",
    "\n",
    "---"
   ]
  },
  {
   "cell_type": "markdown",
   "metadata": {},
   "source": [
    "## Basics\n",
    "\n",
    "### Definitions \n",
    "\n",
    "The __signular value decomposition__ (SVD) of $A\\in\\mathbb{R}^{m\\times n}$ is\n",
    "$A=U\\Sigma V^T$, where $U\\in\\mathbb{R}^{m\\times m}$ is orthogonal, $U^TU=UU^T=I_m$, \n",
    "$V\\in\\mathbb{R}^{n\\times n}$ is orthogonal, $V^TV=VV^T=I_n$, and \n",
    "$\\Sigma \\in\\mathbb{R}^{m\\times n}$ is diagonal with singular values \n",
    "$\\sigma_1,\\ldots,\\sigma_{\\min\\{m,n\\}}$ on the diagonal. \n",
    "\n",
    "If $m>n$, the __thin SVD__ of $A$ is $A=U_{1:m,1:n} \\Sigma_{1:n,1:n} V^T$.\n",
    "\n",
    "### Facts\n",
    "\n",
    "1. Algorithms for computing SVD of $A$ are modifications of algorithms for the symmetric eigenvalue decomposition of the matrices $AA^T$, $A^TA$ and \n",
    "$\\begin{bmatrix} 0 & A\\\\ A^T & 0 \\end{bmatrix}$.\n",
    "\n",
    "2. Most commonly used approach is the three-step algorithm:\n",
    "    1. Reduce $A$ to bidiagonal matrix $B$ by orthogonal transformations, $X^TAY=B$.\n",
    "    2. Compute the SVD of $B$ with QR iterations, $B=W\\Sigma Z^T$.\n",
    "    3. Multiply $U=XW$ and $V=YZ$.\n",
    "\n",
    "3. If $m\\geq n$, the overall operation count for this algorithm is $O(mn^2)$ operations.\n",
    "\n",
    "4. __Error bounds__: Let $U\\Sigma V^T$ and $\\tilde U \\tilde \\Sigma \\tilde V^T$ be the\n",
    "exact and the computed SVDs of $A$, respectively. The algorithms generally\n",
    "compute the SVD with errors bounded by\n",
    "$$\n",
    "|\\sigma_i-\\tilde \\sigma_i|\\leq \\phi \\epsilon\\|A\\|_2,\n",
    "\\qquad\n",
    "\\|u_i-\\tilde u_i\\|_2, \\| v_i-\\tilde v_i\\|_2 \\leq \\psi\\epsilon \\frac{\\|A\\|_2}\n",
    "{\\min_{j\\neq i} \n",
    "|\\sigma_i-\\tilde \\sigma_j|},\n",
    "$$\n",
    "where $\\epsilon$ is machine precision and $\\phi$ and $\\psi$\n",
    "are slowly growing polynomial functions of\n",
    "$n$ which depend upon the algorithm used (typically $O(n)$ or $O(n^2)$).\n",
    "These bounds are obtained by combining perturbation bounds with the floating-point error analysis of the algorithms."
   ]
  },
  {
   "cell_type": "markdown",
   "metadata": {},
   "source": [
    "##  Bidiagonalization\n",
    "\n",
    "\n",
    "### Facts\n",
    "\n",
    "1. The reduction of $A$ to bidiagonal matrix can be performed by applying \n",
    "$\\min\\{m-1,n\\}$ Householder reflections $H_L$ from the left and $n-2$ Householder reflections $H_R$ from the right. In the first step, $H_L$ is chosen to annihilate all elements of the first column below the diagonal, and $H_R$ is chosen to annihilate all elements of the first row right of the first super-diagonal. Applying this procedure recursively yields the bidiagonal matrix.\n",
    "\n",
    "3. $H_L$ and $H_R$ do not depend on the normalization of the respective Householder \n",
    "vectors $v_L$ and $v_R$. With the normalization $[v_L]_1=[V_R]_1=1$, the vectors $v_L$ are stored in the lower-triangular part of $A$, and the vectors $v_R$ are stored in the upper-triangular part of $A$ above the super-diagonal. \n",
    "\n",
    "4. The matrices $H_L$ and $H_R$ are not formed explicitly - given $v_L$ and $v_R$, $A$ is overwritten with $H_L A H_R$ in $O(mn)$ operations by using matrix-vector multiplication and rank-one updates.\n",
    "\n",
    "5. Instead of performing rank-one updates, $p$ transformations can be accumulated, and then applied. This __block algorithm__ is rich in matrix-matrix multiplications (roughly one\n",
    "half of the operations is performed using BLAS 3 routines), but\n",
    "it requires extra workspace.\n",
    "\n",
    "6. If the matrices $X$ and $Y$ are needed explicitly, they can be computed from the \n",
    "stored Householder vectors.\n",
    "In order to minimize the operation count, the computation\n",
    "starts from the smallest matrix and the size is gradually\n",
    "increased.\n",
    "\n",
    "7. The backward error bounds for the bidiagonalization are as follows: \n",
    "The computed matrix $\\tilde B$ is equal to the matrix which\n",
    "would be obtained by exact bidiagonalization of some perturbed matrix $A+\\Delta A$, \n",
    "where $\\|\\Delta A\\|_2 \\leq \\psi \\varepsilon \\|A\\|_2$ and $\\psi$ is a\n",
    "slowly increasing function of $n$.\n",
    "The computed matrices $\\tilde X$ and $\\tilde Y$ satisfy $\\tilde X=X+\\Delta X$ and \n",
    "$\\tilde Y=Y+\\Delta Y$, where\n",
    "$\\|\\Delta X \\|_2,\\|\\Delta Y\\|_2\\leq \\phi \\varepsilon$ \n",
    "and $\\phi$ is a slowly increasing function of $n$.\n",
    "\n",
    "12. The bidiagonal reduction is implemented in the \n",
    "[LAPACK](http://www.netlib.org/lapack) subroutine \n",
    "[DGEBRD](http://www.netlib.org/lapack/explore-html/dd/d9a/group__double_g_ecomputational.html#ga9c735b94f840f927f8085fd23f3ee2e6).\n",
    "The computation of $X$ and $Y$ is implemented in the subroutine\n",
    "[DORGBR](http://www.netlib.org/lapack/lapack-3.1.1/html/dorgtr.f.html), which is not yet wrapped in Julia.\n",
    "\n",
    "8. Bidiagonalization can also be performed using Givens rotations.\n",
    "Givens rotations act more selectively than Householder reflectors, and\n",
    "are useful if $A$ has some special structure, for example, if $A$ is a banded matrix. \n",
    "Error bounds for function `myBidiagG()` are the same as above, \n",
    "but with slightly different functions $\\psi$ and $\\phi$."
   ]
  },
  {
   "cell_type": "code",
   "execution_count": 1,
   "metadata": {
    "collapsed": false
   },
   "outputs": [
    {
     "data": {
      "text/plain": [
       "8x5 Array{Float64,2}:\n",
       " -9.0  -6.0  -9.0  -8.0  -9.0\n",
       "  1.0  -4.0  -9.0   2.0   8.0\n",
       "  2.0  -3.0   2.0   6.0  -2.0\n",
       "  3.0   9.0   3.0  -9.0  -6.0\n",
       "  7.0   6.0  -1.0  -6.0  -8.0\n",
       "  9.0   1.0  -1.0   5.0   0.0\n",
       " -6.0   2.0   5.0   4.0  -5.0\n",
       "  9.0  -2.0   7.0   0.0  -7.0"
      ]
     },
     "execution_count": 1,
     "metadata": {},
     "output_type": "execute_result"
    }
   ],
   "source": [
    "m=8\n",
    "n=5\n",
    "A=map(Float64,rand(-9:9,m,n))"
   ]
  },
  {
   "cell_type": "code",
   "execution_count": 2,
   "metadata": {
    "collapsed": false
   },
   "outputs": [
    {
     "data": {
      "text/latex": [
       "\\begin{verbatim}\n",
       "gebrd!(A) -> (A, d, e, tauq, taup)\n",
       "\\end{verbatim}\n",
       "Reduce \\texttt{A} in-place to bidiagonal form \\texttt{A = QBP'}. Returns \\texttt{A}, containing the bidiagonal matrix \\texttt{B}; \\texttt{d}, containing the diagonal elements of \\texttt{B}; \\texttt{e}, containing the off-diagonal elements of \\texttt{B}; \\texttt{tauq}, containing the elementary reflectors representing \\texttt{Q}; and \\texttt{taup}, containing the elementary reflectors representing \\texttt{P}.\n"
      ],
      "text/markdown": [
       "```\n",
       "gebrd!(A) -> (A, d, e, tauq, taup)\n",
       "```\n",
       "\n",
       "Reduce `A` in-place to bidiagonal form `A = QBP'`. Returns `A`, containing the bidiagonal matrix `B`; `d`, containing the diagonal elements of `B`; `e`, containing the off-diagonal elements of `B`; `tauq`, containing the elementary reflectors representing `Q`; and `taup`, containing the elementary reflectors representing `P`.\n"
      ],
      "text/plain": [
       "```\n",
       "gebrd!(A) -> (A, d, e, tauq, taup)\n",
       "```\n",
       "\n",
       "Reduce `A` in-place to bidiagonal form `A = QBP'`. Returns `A`, containing the bidiagonal matrix `B`; `d`, containing the diagonal elements of `B`; `e`, containing the off-diagonal elements of `B`; `tauq`, containing the elementary reflectors representing `Q`; and `taup`, containing the elementary reflectors representing `P`.\n"
      ]
     },
     "execution_count": 2,
     "metadata": {},
     "output_type": "execute_result"
    }
   ],
   "source": [
    "?LAPACK.gebrd!"
   ]
  },
  {
   "cell_type": "code",
   "execution_count": 3,
   "metadata": {
    "collapsed": false
   },
   "outputs": [
    {
     "data": {
      "text/plain": [
       "(\n",
       "8x5 Array{Float64,2}:\n",
       " 18.4932      -7.79789       0.431822    0.160875    -0.0931382\n",
       " -0.0363726  -16.4195       -5.55048    -0.334302    -0.432763 \n",
       " -0.0727451   -0.000921678  16.7671    -11.119        0.48751  \n",
       " -0.109118    -0.163374      0.335752  -11.0792      -7.12552  \n",
       " -0.254608     0.0751739     0.544518    0.400533     9.13753  \n",
       " -0.327353     0.182766      0.10458     0.107658     0.491441 \n",
       "  0.218235    -0.401176     -0.306529    0.00780384   0.536132 \n",
       " -0.327353     0.0519265     0.671579   -0.271868    -0.355809 ,\n",
       "\n",
       "[18.49324200890693,-16.419500108180916,16.767114699176663,-11.079206500900566,9.137525613844675],[-7.797885453368729,-5.5504772118429,-11.119030325076256,-7.125520306323141,0.0],[1.4866642633922875,1.6268301190913301,1.017736704498735,1.6051494500235832,1.2080563870985905],[1.637966571548049,1.5395958912413656,1.615944291304213,0.0,0.0])"
      ]
     },
     "execution_count": 3,
     "metadata": {},
     "output_type": "execute_result"
    }
   ],
   "source": [
    "# We need copy()\n",
    "Out=LAPACK.gebrd!(copy(A))"
   ]
  },
  {
   "cell_type": "code",
   "execution_count": 4,
   "metadata": {
    "collapsed": false
   },
   "outputs": [
    {
     "data": {
      "text/plain": [
       "5x5 Bidiagonal{Float64}:\n",
       " 18.4932   -7.79789   0.0        0.0      0.0    \n",
       "  0.0     -16.4195   -5.55048    0.0      0.0    \n",
       "  0.0       0.0      16.7671   -11.119    0.0    \n",
       "  0.0       0.0       0.0      -11.0792  -7.12552\n",
       "  0.0       0.0       0.0        0.0      9.13753"
      ]
     },
     "execution_count": 4,
     "metadata": {},
     "output_type": "execute_result"
    }
   ],
   "source": [
    "B=Bidiagonal(Out[2],Out[3][1:end-1],true)"
   ]
  },
  {
   "cell_type": "code",
   "execution_count": 5,
   "metadata": {
    "collapsed": false
   },
   "outputs": [
    {
     "data": {
      "text/plain": [
       "([23.05690050927775,20.9332244124872,14.552987762575267,12.111135956464679,6.05890977223462],[23.05690050927775,20.9332244124872,14.552987762575267,12.111135956464679,6.05890977223462])"
      ]
     },
     "execution_count": 5,
     "metadata": {},
     "output_type": "execute_result"
    }
   ],
   "source": [
    "svdvals(A), svdvals(B)"
   ]
  },
  {
   "cell_type": "code",
   "execution_count": 6,
   "metadata": {
    "collapsed": false
   },
   "outputs": [
    {
     "data": {
      "text/plain": [
       "myBidiagY (generic function with 1 method)"
      ]
     },
     "execution_count": 6,
     "metadata": {},
     "output_type": "execute_result"
    }
   ],
   "source": [
    "# Extract X\n",
    "function myBidiagX{T}(H::Array{T})\n",
    "    m,n=size(H)\n",
    "    X = eye(T,m,n)\n",
    "    v=Array(T,m)\n",
    "    for j = n : -1 : 1\n",
    "        v[j] = one(T)\n",
    "        v[j+1:m] = H[j+1:m, j]\n",
    "        γ = -2 / (v[j:m]⋅v[j:m])\n",
    "        w = γ * X[j:m, j:n]'*v[j:m]\n",
    "        X[j:m, j:n] = X[j:m, j:n] + v[j:m]*w'\n",
    "    end\n",
    "    X\n",
    "end\n",
    "\n",
    "# Extract Y\n",
    "function myBidiagY{T}(H::Array{T})\n",
    "    n,m=size(H)\n",
    "    Y = eye(T,n)\n",
    "    v=Array(T,n)\n",
    "    for j = n-2 : -1 : 1\n",
    "        v[j+1] = one(T)\n",
    "        v[j+2:n] = H[j+2:n, j]\n",
    "        γ = -2 / (v[j+1:n]⋅v[j+1:n])\n",
    "        w = γ * Y[j+1:n, j+1:n]'*v[j+1:n]\n",
    "        Y[j+1:n, j+1:n] = Y[j+1:n, j+1:n] + v[j+1:n]*w'\n",
    "    end\n",
    "    Y\n",
    "end"
   ]
  },
  {
   "cell_type": "code",
   "execution_count": 7,
   "metadata": {
    "collapsed": false
   },
   "outputs": [
    {
     "data": {
      "text/plain": [
       "8x5 Array{Float64,2}:\n",
       " -0.486664   -0.434465   -0.671704   -0.0178347  -0.269437 \n",
       "  0.0540738  -0.611028    0.294346   -0.148881   -0.0275076\n",
       "  0.108148    0.0331046   0.0308777   0.280724   -0.464869 \n",
       "  0.162221    0.31319    -0.31251    -0.485002    0.304868 \n",
       "  0.378517   -0.011677   -0.362864   -0.497537   -0.233032 \n",
       "  0.486664   -0.155106    0.16278    -0.16509    -0.516462 \n",
       " -0.324443    0.557829    0.0570937  -0.0420409  -0.539626 \n",
       "  0.486664    0.0577478  -0.44959     0.622028    0.0732598"
      ]
     },
     "execution_count": 7,
     "metadata": {},
     "output_type": "execute_result"
    }
   ],
   "source": [
    "X=myBidiagX(Out[1])"
   ]
  },
  {
   "cell_type": "code",
   "execution_count": 8,
   "metadata": {
    "collapsed": false
   },
   "outputs": [
    {
     "data": {
      "text/plain": [
       "5x5 Array{Float64,2}:\n",
       " 1.0   0.0        0.0        0.0        0.0     \n",
       " 0.0  -0.637967   0.347683   0.619034   0.298182\n",
       " 0.0  -0.707311  -0.389459  -0.574597   0.133685\n",
       " 0.0  -0.263508   0.570624  -0.234905  -0.741466\n",
       " 0.0   0.152557   0.633898  -0.481098   0.586041"
      ]
     },
     "execution_count": 8,
     "metadata": {},
     "output_type": "execute_result"
    }
   ],
   "source": [
    "Y=myBidiagY(Out[1]')"
   ]
  },
  {
   "cell_type": "code",
   "execution_count": 9,
   "metadata": {
    "collapsed": false
   },
   "outputs": [
    {
     "data": {
      "text/plain": [
       "(6.081307256636832e-16,2.647317538811372e-16)"
      ]
     },
     "execution_count": 9,
     "metadata": {},
     "output_type": "execute_result"
    }
   ],
   "source": [
    "# Orthogonality\n",
    "norm(X'*X-I), norm(Y'*Y-I)"
   ]
  },
  {
   "cell_type": "code",
   "execution_count": 10,
   "metadata": {
    "collapsed": false
   },
   "outputs": [
    {
     "data": {
      "text/plain": [
       "5x5 Array{Float64,2}:\n",
       "  3.55271e-15  -2.66454e-15   5.55112e-16  -1.88738e-15  -2.22045e-16\n",
       "  1.11022e-16  -3.55271e-15  -8.88178e-16  -8.88178e-16  -1.77636e-15\n",
       "  3.55271e-15  -1.33227e-15   0.0          -3.55271e-15  -1.77636e-15\n",
       " -8.88178e-16  -1.05471e-15  -2.55351e-15  -1.77636e-15  -3.55271e-15\n",
       "  9.99201e-16  -1.11022e-15   1.77636e-15   0.0           0.0        "
      ]
     },
     "execution_count": 10,
     "metadata": {},
     "output_type": "execute_result"
    }
   ],
   "source": [
    "# Error\n",
    "X'*A*Y-B"
   ]
  },
  {
   "cell_type": "code",
   "execution_count": 11,
   "metadata": {
    "collapsed": false
   },
   "outputs": [
    {
     "data": {
      "text/plain": [
       "myBidiagG (generic function with 1 method)"
      ]
     },
     "execution_count": 11,
     "metadata": {},
     "output_type": "execute_result"
    }
   ],
   "source": [
    "# Bidiagonalization using Givens rotations\n",
    "function myBidiagG{T}(A::Array{T})\n",
    "    m,n=size(A)\n",
    "    X=eye(T,m,m)\n",
    "    Y=eye(T,n,n)\n",
    "    for j = 1 : n        \n",
    "        for i = j+1 : m\n",
    "            G,r=givens(A,j,i,j)\n",
    "            A=G*A\n",
    "            X=G*X\n",
    "        end\n",
    "        for i=j+2:n\n",
    "            G,r=givens(A',j+1,i,j)\n",
    "            A=A*G'\n",
    "            Y*=G'\n",
    "        end\n",
    "    end\n",
    "    X',Bidiagonal(diag(A),diag(A,1),true), Y\n",
    "end"
   ]
  },
  {
   "cell_type": "code",
   "execution_count": 12,
   "metadata": {
    "collapsed": false
   },
   "outputs": [
    {
     "data": {
      "text/plain": [
       "(\n",
       "8x8 Array{Float64,2}:\n",
       "  0.486664    0.434465   -0.671704   …  -0.0259927  -0.221603   -0.0226884\n",
       " -0.0540738   0.611028    0.294346      -0.362203    0.215523    0.580102 \n",
       " -0.108148   -0.0331046   0.0308777     -0.648687    0.268326   -0.445592 \n",
       " -0.162221   -0.31319    -0.31251       -0.593123   -0.295628    0.102816 \n",
       " -0.378517    0.011677   -0.362864       0.274054    0.587808   -0.0494786\n",
       " -0.486664    0.155106    0.16278    …   0.14296    -0.63005    -0.0348522\n",
       "  0.324443   -0.557829    0.0570937      0.0         0.0506539   0.533643 \n",
       " -0.486664   -0.0577478  -0.44959        0.0         0.0         0.406702 ,\n",
       "\n",
       "5x5 Bidiagonal{Float64}:\n",
       " diag: -18.4932  16.4195  16.7671  11.0792  9.13753\n",
       " super: 7.79789  5.55048  11.119  -7.12552,\n",
       "\n",
       "5x5 Array{Float64,2}:\n",
       " 1.0   0.0        0.0        0.0        0.0     \n",
       " 0.0  -0.637967   0.347683  -0.619034   0.298182\n",
       " 0.0  -0.707311  -0.389459   0.574597   0.133685\n",
       " 0.0  -0.263508   0.570624   0.234905  -0.741466\n",
       " 0.0   0.152557   0.633898   0.481098   0.586041)"
      ]
     },
     "execution_count": 12,
     "metadata": {},
     "output_type": "execute_result"
    }
   ],
   "source": [
    "X1, B1, Y1 = myBidiagG(A)"
   ]
  },
  {
   "cell_type": "code",
   "execution_count": 13,
   "metadata": {
    "collapsed": false
   },
   "outputs": [
    {
     "data": {
      "text/plain": [
       "(1.032766086574982e-15,6.521546438536692e-16)"
      ]
     },
     "execution_count": 13,
     "metadata": {},
     "output_type": "execute_result"
    }
   ],
   "source": [
    "# Orthogonality\n",
    "norm(X1'*X1-I), norm(Y1'*Y1-I)"
   ]
  },
  {
   "cell_type": "code",
   "execution_count": 14,
   "metadata": {
    "collapsed": false
   },
   "outputs": [
    {
     "data": {
      "text/plain": [
       "8x5 Array{Float64,2}:\n",
       " -18.4932        7.79789       1.22125e-15   2.44249e-15  -8.88178e-16\n",
       "  -7.77156e-16  16.4195        5.55048       1.33227e-15  -2.66454e-15\n",
       "  -8.88178e-16   1.33227e-15  16.7671       11.119         0.0        \n",
       "  -8.88178e-16   7.77156e-16  -2.22045e-16  11.0792       -7.12552    \n",
       "  -2.22045e-16  -1.9984e-15   -8.88178e-16  -8.88178e-16   9.13753    \n",
       "   2.22045e-16   7.52168e-16   8.28926e-16   1.8577e-16    1.02841e-15\n",
       "   1.22125e-15   9.68503e-16   3.54737e-16  -1.37317e-15   1.78392e-17\n",
       "  -1.77636e-15   2.80235e-16   9.57071e-16  -6.21728e-17   1.2162e-15 "
      ]
     },
     "execution_count": 14,
     "metadata": {},
     "output_type": "execute_result"
    }
   ],
   "source": [
    "# Error\n",
    "X1'*A*Y1"
   ]
  },
  {
   "cell_type": "code",
   "execution_count": 15,
   "metadata": {
    "collapsed": false
   },
   "outputs": [
    {
     "data": {
      "text/plain": [
       "5x5 Bidiagonal{Float64}:\n",
       " 18.4932   -7.79789   0.0        0.0      0.0    \n",
       "  0.0     -16.4195   -5.55048    0.0      0.0    \n",
       "  0.0       0.0      16.7671   -11.119    0.0    \n",
       "  0.0       0.0       0.0      -11.0792  -7.12552\n",
       "  0.0       0.0       0.0        0.0      9.13753"
      ]
     },
     "execution_count": 15,
     "metadata": {},
     "output_type": "execute_result"
    }
   ],
   "source": [
    "# X, Y and B are not unique\n",
    "B"
   ]
  },
  {
   "cell_type": "markdown",
   "metadata": {},
   "source": [
    "## Bidiagonal QR method\n",
    "\n",
    "Let $B$ be a real upper-bidiagonal matrix of order $n$ and let \n",
    "$B=W\\Sigma Z^T$ be its SVD.\n",
    "\n",
    "All metods for computing the SVD of bidiagonal matrix are derived from the methods \n",
    "for computing the EVD of the tridiagonal matrix $T=B^T B$.\n",
    "\n",
    "\n",
    "### Facts\n",
    "\n",
    "1. The shift $\\mu$ is the eigenvalue of the $2\\times 2$ matrix $T_{n-1:n,n-1:n}$ which is closer to $T_{n,n}$. The first Givens rotation from the right is the one which annihilates \n",
    "the element $(1,2)$ of the shifted $2\\times 2$ matrix $T_{1:2,1:2}-\\mu I$. Applying this rotation to $B$ creates the bulge at the element $B_{2,1}$. This bulge is subsequently chased out by applying adequate Givens rotations alternating from the left and from the right.\n",
    "This is the __Golub-Kahan algorithm__.\n",
    "\n",
    "2. The computed SVD satisfes error bounds from the Fact 4 above.\n",
    "\n",
    "3. The special variant of zero-shift QR algorithm (the __Demmel-Kahan algorithm__) computes the singular values with high relative accuracy. \n",
    "\n",
    "4. The tridiagonal divide-and-conquer method, bisection and inverse iteration, and MRRR method can also be adapted for bidiagonal matrices. \n",
    "\n",
    "5. Zero shift QR algorithm for bidiagonal matrices is implemented in the LAPACK routine \n",
    "[DBDSQR](http://www.netlib.org/lapack/explore-html/db/dcc/dbdsqr_8f.html). It is also used in the function `svdvals()`. Divide-and-conquer algorithm for bidiagonal matrices is implemented in the LAPACK routine \n",
    "[DBDSDC](http://www.netlib.org/lapack/explore-html/d9/d08/dbdsdc_8f.html). However, this algorithm also calls zero-shift QR to compute singular values.\n",
    "\n",
    "### Examples"
   ]
  },
  {
   "cell_type": "code",
   "execution_count": 16,
   "metadata": {
    "collapsed": false
   },
   "outputs": [
    {
     "data": {
      "text/plain": [
       "(\n",
       "5x5 Array{Float64,2}:\n",
       "  0.539491   -0.668158   -0.464621   0.213637   0.0316369\n",
       "  0.542761   -0.184696    0.693163  -0.427363  -0.0904592\n",
       " -0.606223   -0.645776    0.020825  -0.412012  -0.212787 \n",
       " -0.214206   -0.31478     0.491036   0.540329   0.567412 \n",
       "  0.0311227   0.0577809  -0.249201  -0.556786   0.789672 ,\n",
       "\n",
       "[23.05690050927775,20.933224412487217,14.552987762575265,12.111135956464674,6.058909772234619],\n",
       "5x5 Array{Float64,2}:\n",
       "  0.432709   -0.590277  -0.590419   0.326216   0.0965633\n",
       " -0.568973    0.393768  -0.533109   0.441838   0.204425 \n",
       " -0.571508   -0.468282  -0.240378  -0.374547  -0.505988 \n",
       "  0.395277    0.509617  -0.389738  -0.116029  -0.647062 \n",
       "  0.0785325   0.132371  -0.396892  -0.73798    0.523615 )"
      ]
     },
     "execution_count": 16,
     "metadata": {},
     "output_type": "execute_result"
    }
   ],
   "source": [
    "W,σ,Z=svd(B)"
   ]
  },
  {
   "cell_type": "code",
   "execution_count": 17,
   "metadata": {
    "collapsed": false
   },
   "outputs": [
    {
     "data": {
      "text/html": [
       "svd<i>{T<:Union{Float32,Float64}}</i>(M::<b>Bidiagonal{T<:Union{Float32,Float64}}</b>) at <a href=\"https://github.com/JuliaLang/julia/tree/2ac304dfba75fad148d4070ef4f8a2e400c305bb/base/linalg/bidiag.jl#L79\" target=\"_blank\">linalg/bidiag.jl:79</a>"
      ],
      "text/plain": [
       "svd{T<:Union{Float32,Float64}}(M::Bidiagonal{T<:Union{Float32,Float64}}) at linalg/bidiag.jl:79"
      ]
     },
     "execution_count": 17,
     "metadata": {},
     "output_type": "execute_result"
    }
   ],
   "source": [
    "@which svd(B)"
   ]
  },
  {
   "cell_type": "code",
   "execution_count": 18,
   "metadata": {
    "collapsed": false
   },
   "outputs": [
    {
     "data": {
      "text/plain": [
       "5-element Array{Float64,1}:\n",
       " 23.0569 \n",
       " 20.9332 \n",
       " 14.553  \n",
       " 12.1111 \n",
       "  6.05891"
      ]
     },
     "execution_count": 18,
     "metadata": {},
     "output_type": "execute_result"
    }
   ],
   "source": [
    "σ1=svdvals(B)"
   ]
  },
  {
   "cell_type": "code",
   "execution_count": 19,
   "metadata": {
    "collapsed": false
   },
   "outputs": [
    {
     "data": {
      "text/html": [
       "svdvals<i>{T<:Union{Complex{Float32},Complex{Float64},Float32,Float64}}</i>(A::<b>AbstractArray{T<:Union{Complex{Float32},Complex{Float64},Float32,Float64},2}</b>) at <a href=\"https://github.com/JuliaLang/julia/tree/2ac304dfba75fad148d4070ef4f8a2e400c305bb/base/linalg/svd.jl#L48\" target=\"_blank\">linalg/svd.jl:48</a>"
      ],
      "text/plain": [
       "svdvals{T<:Union{Complex{Float32},Complex{Float64},Float32,Float64}}(A::AbstractArray{T<:Union{Complex{Float32},Complex{Float64},Float32,Float64},2}) at linalg/svd.jl:48"
      ]
     },
     "execution_count": 19,
     "metadata": {},
     "output_type": "execute_result"
    }
   ],
   "source": [
    "@which svdvals(B)"
   ]
  },
  {
   "cell_type": "code",
   "execution_count": 20,
   "metadata": {
    "collapsed": false
   },
   "outputs": [
    {
     "data": {
      "text/plain": [
       "5-element Array{Float64,1}:\n",
       "  0.0        \n",
       "  1.77636e-14\n",
       " -1.77636e-15\n",
       " -5.32907e-15\n",
       " -8.88178e-16"
      ]
     },
     "execution_count": 20,
     "metadata": {},
     "output_type": "execute_result"
    }
   ],
   "source": [
    "σ-σ1"
   ]
  },
  {
   "cell_type": "code",
   "execution_count": 23,
   "metadata": {
    "collapsed": false
   },
   "outputs": [
    {
     "data": {
      "text/latex": [
       "\\begin{verbatim}\n",
       "bdsqr!(uplo, d, e_, Vt, U, C) -> (d, Vt, U, C)\n",
       "\\end{verbatim}\n",
       "Computes the singular value decomposition of a bidiagonal matrix with \\texttt{d} on the diagonal and \\texttt{e_} on the off-diagonal. If \\texttt{uplo = U}, \\texttt{e_} is the superdiagonal. If \\texttt{uplo = L}, \\texttt{e_} is the subdiagonal. Can optionally also compute the product \\texttt{Q' * C}.\n",
       "Returns the singular values in \\texttt{d}, and the matrix \\texttt{C} overwritten with \\texttt{Q' * C}.\n"
      ],
      "text/markdown": [
       "```\n",
       "bdsqr!(uplo, d, e_, Vt, U, C) -> (d, Vt, U, C)\n",
       "```\n",
       "\n",
       "Computes the singular value decomposition of a bidiagonal matrix with `d` on the diagonal and `e_` on the off-diagonal. If `uplo = U`, `e_` is the superdiagonal. If `uplo = L`, `e_` is the subdiagonal. Can optionally also compute the product `Q' * C`.\n",
       "\n",
       "Returns the singular values in `d`, and the matrix `C` overwritten with `Q' * C`.\n"
      ],
      "text/plain": [
       "```\n",
       "bdsqr!(uplo, d, e_, Vt, U, C) -> (d, Vt, U, C)\n",
       "```\n",
       "\n",
       "Computes the singular value decomposition of a bidiagonal matrix with `d` on the diagonal and `e_` on the off-diagonal. If `uplo = U`, `e_` is the superdiagonal. If `uplo = L`, `e_` is the subdiagonal. Can optionally also compute the product `Q' * C`.\n",
       "\n",
       "Returns the singular values in `d`, and the matrix `C` overwritten with `Q' * C`.\n"
      ]
     },
     "execution_count": 23,
     "metadata": {},
     "output_type": "execute_result"
    }
   ],
   "source": [
    "?LAPACK.bdsqr!"
   ]
  },
  {
   "cell_type": "code",
   "execution_count": 24,
   "metadata": {
    "collapsed": false
   },
   "outputs": [
    {
     "data": {
      "text/plain": [
       "([23.05690050927775,20.933224412487217,14.552987762575265,12.111135956464674,6.058909772234619],\n",
       "5x5 Array{Float64,2}:\n",
       "  0.432709   -0.568973  -0.571508   0.395277   0.0785325\n",
       " -0.590277    0.393768  -0.468282   0.509617   0.132371 \n",
       " -0.590419   -0.533109  -0.240378  -0.389738  -0.396892 \n",
       "  0.326216    0.441838  -0.374547  -0.116029  -0.73798  \n",
       "  0.0965633   0.204425  -0.505988  -0.647062   0.523615 ,\n",
       "\n",
       "5x5 Array{Float64,2}:\n",
       "  0.539491   -0.668158   -0.464621   0.213637   0.0316369\n",
       "  0.542761   -0.184696    0.693163  -0.427363  -0.0904592\n",
       " -0.606223   -0.645776    0.020825  -0.412012  -0.212787 \n",
       " -0.214206   -0.31478     0.491036   0.540329   0.567412 \n",
       "  0.0311227   0.0577809  -0.249201  -0.556786   0.789672 ,\n",
       "\n",
       "5x5 Array{Float64,2}:\n",
       "  0.539491    0.542761   -0.606223  -0.214206   0.0311227\n",
       " -0.668158   -0.184696   -0.645776  -0.31478    0.0577809\n",
       " -0.464621    0.693163    0.020825   0.491036  -0.249201 \n",
       "  0.213637   -0.427363   -0.412012   0.540329  -0.556786 \n",
       "  0.0316369  -0.0904592  -0.212787   0.567412   0.789672 )"
      ]
     },
     "execution_count": 24,
     "metadata": {},
     "output_type": "execute_result"
    }
   ],
   "source": [
    "BV=eye(n)\n",
    "BU=eye(n)\n",
    "BC=eye(n)\n",
    "σ2,Z2,W2,C = LAPACK.bdsqr!('U',copy(B.dv),copy(B.ev),BV,BU,BC)"
   ]
  },
  {
   "cell_type": "code",
   "execution_count": 25,
   "metadata": {
    "collapsed": false
   },
   "outputs": [
    {
     "data": {
      "text/plain": [
       "5x5 Array{Float64,2}:\n",
       " 23.0569       -1.33227e-15   3.10862e-15  -2.22045e-15  -1.11022e-16\n",
       " -6.7446e-15   20.9332       -6.66134e-16  -4.44089e-16   0.0        \n",
       "  5.55112e-15   3.10862e-15  14.553         0.0           2.22045e-15\n",
       " -1.11022e-15   2.22045e-16   2.22045e-15  12.1111        1.86517e-14\n",
       " -1.13798e-15  -8.32667e-16   0.0           0.0           6.05891    "
      ]
     },
     "execution_count": 25,
     "metadata": {},
     "output_type": "execute_result"
    }
   ],
   "source": [
    "W2'*full(B)*Z2'"
   ]
  },
  {
   "cell_type": "code",
   "execution_count": 26,
   "metadata": {
    "collapsed": false
   },
   "outputs": [
    {
     "data": {
      "text/latex": [
       "\\begin{verbatim}\n",
       "bdsdc!(uplo, compq, d, e_) -> (d, e, u, vt, q, iq)\n",
       "\\end{verbatim}\n",
       "Computes the singular value decomposition of a bidiagonal matrix with \\texttt{d} on the diagonal and \\texttt{e_} on the off-diagonal using a divide and conqueq method. If \\texttt{uplo = U}, \\texttt{e_} is the superdiagonal. If \\texttt{uplo = L}, \\texttt{e_} is the subdiagonal. If \\texttt{compq = N}, only the singular values are found. If \\texttt{compq = I}, the singular values and vectors are found. If \\texttt{compq = P}, the singular values and vectors are found in compact form. Only works for real types.\n",
       "Returns the singular values in \\texttt{d}, and if \\texttt{compq = P}, the compact singular vectors in \\texttt{iq}.\n"
      ],
      "text/markdown": [
       "```\n",
       "bdsdc!(uplo, compq, d, e_) -> (d, e, u, vt, q, iq)\n",
       "```\n",
       "\n",
       "Computes the singular value decomposition of a bidiagonal matrix with `d` on the diagonal and `e_` on the off-diagonal using a divide and conqueq method. If `uplo = U`, `e_` is the superdiagonal. If `uplo = L`, `e_` is the subdiagonal. If `compq = N`, only the singular values are found. If `compq = I`, the singular values and vectors are found. If `compq = P`, the singular values and vectors are found in compact form. Only works for real types.\n",
       "\n",
       "Returns the singular values in `d`, and if `compq = P`, the compact singular vectors in `iq`.\n"
      ],
      "text/plain": [
       "```\n",
       "bdsdc!(uplo, compq, d, e_) -> (d, e, u, vt, q, iq)\n",
       "```\n",
       "\n",
       "Computes the singular value decomposition of a bidiagonal matrix with `d` on the diagonal and `e_` on the off-diagonal using a divide and conqueq method. If `uplo = U`, `e_` is the superdiagonal. If `uplo = L`, `e_` is the subdiagonal. If `compq = N`, only the singular values are found. If `compq = I`, the singular values and vectors are found. If `compq = P`, the singular values and vectors are found in compact form. Only works for real types.\n",
       "\n",
       "Returns the singular values in `d`, and if `compq = P`, the compact singular vectors in `iq`.\n"
      ]
     },
     "execution_count": 26,
     "metadata": {},
     "output_type": "execute_result"
    }
   ],
   "source": [
    "?LAPACK.bdsdc!"
   ]
  },
  {
   "cell_type": "code",
   "execution_count": 27,
   "metadata": {
    "collapsed": false
   },
   "outputs": [
    {
     "data": {
      "text/plain": [
       "([23.05690050927775,20.933224412487217,14.552987762575265,12.111135956464674,6.058909772234619],e = 2.7182818284590...,\n",
       "5x5 Array{Float64,2}:\n",
       "  0.539491   -0.668158   -0.464621   0.213637   0.0316369\n",
       "  0.542761   -0.184696    0.693163  -0.427363  -0.0904592\n",
       " -0.606223   -0.645776    0.020825  -0.412012  -0.212787 \n",
       " -0.214206   -0.31478     0.491036   0.540329   0.567412 \n",
       "  0.0311227   0.0577809  -0.249201  -0.556786   0.789672 ,\n",
       "\n",
       "5x5 Array{Float64,2}:\n",
       "  0.432709   -0.568973  -0.571508   0.395277   0.0785325\n",
       " -0.590277    0.393768  -0.468282   0.509617   0.132371 \n",
       " -0.590419   -0.533109  -0.240378  -0.389738  -0.396892 \n",
       "  0.326216    0.441838  -0.374547  -0.116029  -0.73798  \n",
       "  0.0965633   0.204425  -0.505988  -0.647062   0.523615 ,\n",
       "\n",
       "[6.9130615359347e-310],[139921923212720])"
      ]
     },
     "execution_count": 27,
     "metadata": {},
     "output_type": "execute_result"
    }
   ],
   "source": [
    "σ3,ee,W3,Z3,rest=LAPACK.bdsdc!('U','I',copy(B.dv),copy(B.ev))"
   ]
  },
  {
   "cell_type": "code",
   "execution_count": 28,
   "metadata": {
    "collapsed": false
   },
   "outputs": [
    {
     "data": {
      "text/plain": [
       "5x5 Array{Float64,2}:\n",
       " 23.0569       -1.33227e-15   3.10862e-15  -2.22045e-15  -1.11022e-16\n",
       " -6.7446e-15   20.9332       -6.66134e-16  -4.44089e-16   0.0        \n",
       "  5.55112e-15   3.10862e-15  14.553         0.0           2.22045e-15\n",
       " -1.11022e-15   2.22045e-16   2.22045e-15  12.1111        1.86517e-14\n",
       " -1.13798e-15  -8.32667e-16   0.0           0.0           6.05891    "
      ]
     },
     "execution_count": 28,
     "metadata": {},
     "output_type": "execute_result"
    }
   ],
   "source": [
    "W3'*full(B)*Z3'"
   ]
  },
  {
   "cell_type": "markdown",
   "metadata": {},
   "source": [
    "Functions `svd()`, `LAPACK.bdsqr!()` and `LAPACK.bdsdc!()` use the same algorithm to compute singular values."
   ]
  },
  {
   "cell_type": "code",
   "execution_count": 29,
   "metadata": {
    "collapsed": false
   },
   "outputs": [
    {
     "data": {
      "text/plain": [
       "5x2 Array{Float64,2}:\n",
       " 0.0  0.0\n",
       " 0.0  0.0\n",
       " 0.0  0.0\n",
       " 0.0  0.0\n",
       " 0.0  0.0"
      ]
     },
     "execution_count": 29,
     "metadata": {},
     "output_type": "execute_result"
    }
   ],
   "source": [
    "[σ3-σ2 σ3-σ]"
   ]
  },
  {
   "cell_type": "markdown",
   "metadata": {},
   "source": [
    "Let us compute some timings. We observe $O(n^2)$ operations."
   ]
  },
  {
   "cell_type": "code",
   "execution_count": 30,
   "metadata": {
    "collapsed": false
   },
   "outputs": [
    {
     "name": "stdout",
     "output_type": "stream",
     "text": [
      "  0.036636 seconds (168 allocations: 151.667 KB)\n",
      "  0.086415 seconds (24 allocations: 282.297 KB)\n",
      "  0.025992 seconds (23 allocations: 141.641 KB)\n",
      "  0.151774 seconds (33 allocations: 45.884 MB, 3.92% gc time)\n",
      "  0.543586 seconds (33 allocations: 183.320 MB, 2.35% gc time)\n"
     ]
    }
   ],
   "source": [
    "n=1000\n",
    "Abig=Bidiagonal(rand(n),rand(n-1),true)\n",
    "Bbig=Bidiagonal(rand(2*n),rand(2*n-1),true)\n",
    "@time svdvals(Abig);\n",
    "@time svdvals(Bbig);\n",
    "@time LAPACK.bdsdc!('U','N',copy(Abig.dv),copy(Abig.ev));\n",
    "@time svd(Abig);\n",
    "@time svd(Bbig);"
   ]
  },
  {
   "cell_type": "markdown",
   "metadata": {},
   "source": [
    "## QR method\n",
    "\n",
    "Final algorithm is obtained by combining bidiagonalization and bidiagonal SVD methods.\n",
    "Standard method is implemented in the LAPACK routine \n",
    "[DGESVD](http://www.netlib.org/lapack/explore-html/d8/d2d/dgesvd_8f.html).\n",
    "Divide-and-conquer method is implemented in the LAPACK routine \n",
    "[DGESDD](http://www.netlib.org/lapack/explore-html/db/db4/dgesdd_8f.html).\n",
    "\n",
    "The functions `svd()`, `svdvals()`, and `svdvecs()`  use `DGESDD`.\n",
    "Wrappers for `DGESVD` and `DGESDD` give more control about output of eigenvectors."
   ]
  },
  {
   "cell_type": "code",
   "execution_count": 31,
   "metadata": {
    "collapsed": false
   },
   "outputs": [
    {
     "data": {
      "text/plain": [
       "(\n",
       "8x5 Array{Float64,2}:\n",
       " -0.0957244   0.829229   -0.0306424   0.498836   -0.0560516 \n",
       " -0.449874   -0.0680817  -0.508787    0.0862792  -0.111848  \n",
       " -0.0170071  -0.213541    0.227033    0.40675    -0.213951  \n",
       "  0.560334    0.205861   -0.178915   -0.402239    0.00884894\n",
       "  0.517168    0.126727   -0.377755    0.0962755  -0.376083  \n",
       "  0.098974   -0.379515   -0.282601    0.301544   -0.506719  \n",
       "  0.0853335   0.0589339   0.65243    -0.0534916  -0.522856  \n",
       "  0.435484   -0.237068    0.0917332   0.559837    0.516637  ,\n",
       "\n",
       "[23.05690050927775,20.933224412487217,14.552987762575265,12.111135956464674,6.058909772234619],\n",
       "5x5 Array{Float64,2}:\n",
       "  0.432709  -0.590277   -0.590419   0.326216   0.0965633\n",
       "  0.432389  -0.0590841  -0.103076  -0.70398   -0.55076  \n",
       "  0.408393  -0.371268    0.641575  -0.198633   0.494269 \n",
       " -0.327269  -0.588834    0.389146   0.244289  -0.578842 \n",
       " -0.593222  -0.404372   -0.278798  -0.546684   0.328602 )"
      ]
     },
     "execution_count": 31,
     "metadata": {},
     "output_type": "execute_result"
    }
   ],
   "source": [
    "# The built-in algorithm\n",
    "U,σA,V=svd(A)"
   ]
  },
  {
   "cell_type": "code",
   "execution_count": 32,
   "metadata": {
    "collapsed": false
   },
   "outputs": [
    {
     "data": {
      "text/plain": [
       "5x5 Array{Float64,2}:\n",
       " 23.0569       -4.44089e-15   3.10862e-15  -4.44089e-15  -8.88178e-16\n",
       " -8.88178e-15  20.9332        0.0          -4.44089e-15  -1.33227e-15\n",
       "  7.54952e-15   3.33067e-15  14.553         2.22045e-15   2.88658e-15\n",
       " -8.88178e-16   3.10862e-15   4.44089e-15  12.1111        1.64313e-14\n",
       " -2.22045e-16  -9.99201e-16   8.88178e-16   1.9984e-15    6.05891    "
      ]
     },
     "execution_count": 32,
     "metadata": {},
     "output_type": "execute_result"
    }
   ],
   "source": [
    "# With our building blocks\n",
    "U1=X*W\n",
    "V1=Y*Z\n",
    "U1'*A*V1"
   ]
  },
  {
   "cell_type": "code",
   "execution_count": 33,
   "metadata": {
    "collapsed": false
   },
   "outputs": [
    {
     "data": {
      "text/latex": [
       "\\begin{verbatim}\n",
       "gesvd!(jobu, jobvt, A) -> (U, S, VT)\n",
       "\\end{verbatim}\n",
