{
 "cells": [
  {
   "cell_type": "markdown",
   "metadata": {},
   "source": [
    "# Singular Value Decomposition - Algorithms and Error Analysis\n",
    "\n",
    "We study only algorithms for real matrices, which are most commonly used in the applications described in this course. \n",
    "\n",
    "\n",
    "For more details, see \n",
    "[A. Kaylor Cline and I. Dhillon, Computation of the Singular Value Decomposition][Hog14] and the references therein.\n",
    "\n",
    "[Hog14]: #1 \"L. Hogben, ed., 'Handbook of Linear Algebra', pp. 58.1-58.13, CRC Press, Boca Raton, 2014.\"\n",
    "\n",
    "\n",
    "## Prerequisites\n",
    "\n",
    "The reader should be familiar with facts about the singular value decomposition and perturbation theory and algorithms for the symmetric eigenvalue decomposition.\n",
    "\n",
    " \n",
    "## Competences \n",
    "\n",
    "The reader should be able to apply an adequate algorithm to a given problem, and to assess the accuracy of the solution."
   ]
  },
  {
   "cell_type": "markdown",
   "metadata": {},
   "source": [
    "## Basics\n",
    "\n",
    "### Definitions \n",
    "\n",
    "The __singular value decomposition__ (SVD) of $A\\in\\mathbb{R}^{m\\times n}$ is\n",
    "$A=U\\Sigma V^T$, where $U\\in\\mathbb{R}^{m\\times m}$ is orthogonal, $U^TU=UU^T=I_m$, \n",
    "$V\\in\\mathbb{R}^{n\\times n}$ is orthogonal, $V^TV=VV^T=I_n$, and \n",
    "$\\Sigma \\in\\mathbb{R}^{m\\times n}$ is diagonal with singular values \n",
    "$\\sigma_1,\\ldots,\\sigma_{\\min\\{m,n\\}}$ on the diagonal. \n",
    "\n",
    "If $m>n$, the __thin SVD__ of $A$ is $A=U_{1:m,1:n} \\Sigma_{1:n,1:n} V^T$.\n",
    "\n",
    "### Facts\n",
    "\n",
    "1. Algorithms for computing SVD of $A$ are modifications of algorithms for the symmetric eigenvalue decomposition of the matrices $AA^T$, $A^TA$ and \n",
    "$\\begin{bmatrix} 0 & A\\\\ A^T & 0 \\end{bmatrix}$.\n",
    "\n",
    "2. Most commonly used approach is the three-step algorithm:\n",
    "    1. Reduce $A$ to bidiagonal matrix $B$ by orthogonal transformations, $X^TAY=B$.\n",
    "    2. Compute the SVD of $B$ with QR iterations, $B=W\\Sigma Z^T$.\n",
    "    3. Multiply $U=XW$ and $V=YZ$.\n",
    "\n",
    "3. If $m\\geq n$, the overall operation count for this algorithm is $O(mn^2)$ operations.\n",
    "\n",
    "4. __Error bounds.__ Let $U\\Sigma V^T$ and $\\tilde U \\tilde \\Sigma \\tilde V^T$ be the\n",
    "exact and the computed SVDs of $A$, respectively. The algorithms generally\n",
    "compute the SVD with errors bounded by\n",
    "$$\n",
    "|\\sigma_i-\\tilde \\sigma_i|\\leq \\phi \\epsilon\\|A\\|_2,\n",
    "\\qquad\n",
    "\\|u_i-\\tilde u_i\\|_2, \\| v_i-\\tilde v_i\\|_2 \\leq \\psi\\epsilon \\frac{\\|A\\|_2}\n",
    "{\\min_{j\\neq i} \n",
    "|\\sigma_i-\\tilde \\sigma_j|},\n",
    "$$\n",
    "where $\\epsilon$ is machine precision and $\\phi$ and $\\psi$\n",
    "are slowly growing polynomial functions of\n",
    "$n$ which depend upon the algorithm used (typically $O(n)$ or $O(n^2)$).\n",
    "These bounds are obtained by combining perturbation bounds with the floating-point error analysis of the algorithms."
   ]
  },
  {
   "cell_type": "markdown",
   "metadata": {},
   "source": [
    "##  Bidiagonalization\n",
    "\n",
    "\n",
    "### Facts\n",
    "\n",
    "1. The reduction of $A$ to bidiagonal matrix can be performed by applying \n",
    "$\\min\\{m-1,n\\}$ Householder reflections $H_L$ from the left and $n-2$ Householder reflections $H_R$ from the right. In the first step, $H_L$ is chosen to annihilate all elements of the first column below the diagonal, and $H_R$ is chosen to annihilate all elements of the first row right of the first super-diagonal. Applying this procedure recursively yields the bidiagonal matrix.\n",
    "\n",
    "3. $H_L$ and $H_R$ do not depend on the normalization of the respective Householder \n",
    "vectors $v_L$ and $v_R$. With the normalization $[v_L]_1=[V_R]_1=1$, the vectors $v_L$ are stored in the lower-triangular part of $A$, and the vectors $v_R$ are stored in the upper-triangular part of $A$ above the super-diagonal. \n",
    "\n",
    "4. The matrices $H_L$ and $H_R$ are not formed explicitly - given $v_L$ and $v_R$, $A$ is overwritten with $H_L A H_R$ in $O(mn)$ operations by using matrix-vector multiplication and rank-one updates.\n",
    "\n",
    "5. Instead of performing rank-one updates, $p$ transformations can be accumulated, and then applied. This __block algorithm__ is rich in matrix-matrix multiplications (roughly one\n",
    "half of the operations is performed using BLAS 3 routines), but\n",
    "it requires extra workspace.\n",
    "\n",
    "6. If the matrices $X$ and $Y$ are needed explicitly, they can be computed from the \n",
    "stored Householder vectors.\n",
    "In order to minimize the operation count, the computation\n",
    "starts from the smallest matrix and the size is gradually\n",
    "increased.\n",
    "\n",
    "7. The backward error bounds for the bidiagonalization are as follows: \n",
    "The computed matrix $\\tilde B$ is equal to the matrix which\n",
    "would be obtained by exact bidiagonalization of some perturbed matrix $A+\\Delta A$, \n",
    "where $\\|\\Delta A\\|_2 \\leq \\psi \\varepsilon \\|A\\|_2$ and $\\psi$ is a\n",
    "slowly increasing function of $n$.\n",
    "The computed matrices $\\tilde X$ and $\\tilde Y$ satisfy $\\tilde X=X+\\Delta X$ and \n",
    "$\\tilde Y=Y+\\Delta Y$, where\n",
    "$\\|\\Delta X \\|_2,\\|\\Delta Y\\|_2\\leq \\phi \\varepsilon$ \n",
    "and $\\phi$ is a slowly increasing function of $n$.\n",
    "\n",
    "12. The bidiagonal reduction is implemented in the \n",
    "[LAPACK](http://www.netlib.org/lapack) subroutine \n",
    "[DGEBRD](http://www.netlib.org/lapack/explore-html/dd/d9a/group__double_g_ecomputational.html#ga9c735b94f840f927f8085fd23f3ee2e6).\n",
    "The computation of $X$ and $Y$ is implemented in the subroutine\n",
    "[DORGBR](http://www.netlib.org/lapack/lapack-3.1.1/html/dorgtr.f.html), which is not yet wrapped in Julia.\n",
    "\n",
    "8. Bidiagonalization can also be performed using Givens rotations.\n",
    "Givens rotations act more selectively than Householder reflectors, and\n",
    "are useful if $A$ has some special structure, for example, if $A$ is a banded matrix. \n",
    "Error bounds for function `myBidiagG()` are the same as above, \n",
    "but with slightly different functions $\\psi$ and $\\phi$."
   ]
  },
  {
   "cell_type": "code",
   "execution_count": 36,
   "metadata": {},
   "outputs": [
    {
     "data": {
      "text/plain": [
       "8×5 Array{Float64,2}:\n",
       "  9.0  -8.0  -6.0  -8.0   6.0\n",
       " -7.0  -3.0  -3.0  -5.0   1.0\n",
       " -6.0   5.0   4.0  -4.0   9.0\n",
       " -6.0  -9.0   9.0   4.0   2.0\n",
       "  6.0  -3.0   8.0   2.0  -9.0\n",
       " -5.0   3.0   4.0  -9.0   9.0\n",
       "  5.0   4.0   6.0  -6.0   4.0\n",
       " -3.0  -1.0   5.0   4.0   3.0"
      ]
     },
     "execution_count": 36,
     "metadata": {},
     "output_type": "execute_result"
    }
   ],
   "source": [
    "m=8\n",
    "n=5\n",
    "import Random\n",
    "Random.seed!(421)\n",
    "A=rand(-9.0:9,m,n)"
   ]
  },
  {
   "cell_type": "code",
   "execution_count": 39,
   "metadata": {},
   "outputs": [
    {
     "data": {
      "text/plain": [
       "H (generic function with 1 method)"
      ]
     },
     "execution_count": 39,
     "metadata": {},
     "output_type": "execute_result"
    }
   ],
   "source": [
    "function H(x)\n",
    "    v=copy(x)\n",
    "    v[1]+=sign(x[1])*norm(x)\n",
    "    display(v/v[1])\n",
    "    I-(2/(v⋅v))*v*v'\n",
    "end"
   ]
  },
  {
   "cell_type": "code",
   "execution_count": 40,
   "metadata": {},
   "outputs": [
    {
     "data": {
      "text/plain": [
       "8-element Array{Float64,1}:\n",
       "  1.0\n",
       " -0.26683247952453054\n",
       " -0.22871355387816905\n",
       " -0.22871355387816905\n",
       "  0.22871355387816905\n",
       " -0.19059462823180753\n",
       "  0.19059462823180753\n",
       " -0.11435677693908453"
      ]
     },
     "metadata": {},
     "output_type": "display_data"
    },
    {
     "data": {
      "text/plain": [
       "8×8 Array{Float64,2}:\n",
       " -0.522233   0.406181    0.348155   …   0.290129   -0.290129    0.174078\n",
       "  0.406181   0.891618   -0.0928991     -0.077416    0.077416   -0.0464496\n",
       "  0.348155  -0.0928991   0.920372      -0.0663565   0.0663565  -0.0398139\n",
       "  0.348155  -0.0928991  -0.0796278     -0.0663565   0.0663565  -0.0398139\n",
       " -0.348155   0.0928991   0.0796278      0.0663565  -0.0663565   0.0398139\n",
       "  0.290129  -0.077416   -0.0663565  …   0.944703    0.0552971  -0.0331783\n",
       " -0.290129   0.077416    0.0663565      0.0552971   0.944703    0.0331783\n",
       "  0.174078  -0.0464496  -0.0398139     -0.0331783   0.0331783   0.980093"
      ]
     },
     "execution_count": 40,
     "metadata": {},
     "output_type": "execute_result"
    }
   ],
   "source": [
    "H1=H(A[:,1])"
   ]
  },
  {
   "cell_type": "code",
   "execution_count": 16,
   "metadata": {},
   "outputs": [
    {
     "data": {
      "text/plain": [
       "8×8 Array{Float64,2}:\n",
       "  1.0          -5.92989e-17  -4.22513e-17  …  -1.41681e-17  -4.90355e-17\n",
       " -5.92989e-17   1.0           8.95151e-18     -2.85312e-17   1.40079e-17\n",
       " -4.22513e-17   8.95151e-18   1.0             -1.56306e-17  -2.82284e-18\n",
       " -4.22513e-17   1.58904e-17  -1.12064e-17     -1.56306e-17   4.11605e-18\n",
       "  4.91902e-17  -2.4564e-17    1.64106e-17      1.56306e-17  -4.11605e-18\n",
       " -3.17913e-18   2.7447e-17    1.32454e-17  …  -3.04723e-17   7.96389e-18\n",
       " -1.41681e-17  -2.85312e-17  -1.56306e-17      1.0          -7.96389e-18\n",
       " -4.90355e-17   1.40079e-17  -2.82284e-18     -7.96389e-18   1.0"
      ]
     },
     "execution_count": 16,
     "metadata": {},
     "output_type": "execute_result"
    }
   ],
   "source": [
    "H1'*H1"
   ]
  },
  {
   "cell_type": "code",
   "execution_count": 19,
   "metadata": {},
   "outputs": [
    {
     "data": {
      "text/plain": [
       "8×5 Array{Float64,2}:\n",
       " -17.2337         2.14696    3.94576    1.27657   6.20877\n",
       "   1.04083e-15   -5.70754   -5.65385   -7.47529   0.944293\n",
       "   5.55112e-16    2.67925    1.72527   -6.12168   8.95225\n",
       "   1.11022e-16  -11.3207     6.72527    1.87832   1.95225\n",
       "   3.33067e-16   -0.679253  10.2747     4.12168  -8.95225\n",
       "   4.09395e-16    1.06604    2.10439  -10.7681    8.96021\n",
       "   6.93889e-18    5.93396    7.89561   -4.23194   4.03979\n",
       "  -3.33067e-16   -2.16037    3.86263    2.93916   2.97613"
      ]
     },
     "execution_count": 19,
     "metadata": {},
     "output_type": "execute_result"
    }
   ],
   "source": [
    "B=H1*A"
   ]
  },
  {
   "cell_type": "code",
   "execution_count": 35,
   "metadata": {},
   "outputs": [
    {
     "data": {
      "text/plain": [
       "4×4 SparseArrays.SparseMatrixCSC{Float64,Int64} with 4 stored entries:\n",
       "  [1, 1]  =  -1.0\n",
       "  [2, 2]  =  1.0\n",
       "  [3, 3]  =  1.0\n",
       "  [4, 4]  =  1.0"
      ]
     },
     "execution_count": 35,
     "metadata": {},
     "output_type": "execute_result"
    }
   ],
   "source": [
    "H2=H(B[1,2:5])"
   ]
  },
  {
   "cell_type": "code",
   "execution_count": 23,
   "metadata": {},
   "outputs": [
    {
     "data": {
      "text/plain": [
       "5×5 Array{Float64,2}:\n",
       " 1.0   0.0        0.0        0.0        0.0\n",
       " 0.0  -0.27635   -0.507887  -0.164316  -0.799175\n",
       " 0.0  -0.507887   0.797901  -0.065385  -0.318009\n",
       " 0.0  -0.164316  -0.065385   0.978846  -0.102885\n",
       " 0.0  -0.799175  -0.318009  -0.102885   0.499604"
      ]
     },
     "execution_count": 23,
     "metadata": {},
     "output_type": "execute_result"
    }
   ],
   "source": [
    "H3=[1 zeros(1,4);zeros(4) H2]"
   ]
  },
  {
   "cell_type": "code",
   "execution_count": 24,
   "metadata": {},
   "outputs": [
    {
     "data": {
      "text/plain": [
       "8×5 Array{Float64,2}:\n",
       " -17.2337       -7.76897  -2.45528e-17    3.56275e-17  -4.02705e-16\n",
       "   1.04083e-15   4.92246  -1.42395       -6.10679       7.60017\n",
       "   5.55112e-16  -7.76518  -2.43079       -7.46629       2.41256\n",
       "   1.11022e-16  -2.15602  10.3721         3.05818       7.69067\n",
       "   3.33067e-16   1.44647  11.1206         4.39534      -7.62125\n",
       "   4.09395e-16  -6.7548   -1.00769      -11.7749        4.06326\n",
       "   6.93889e-18  -8.18305   2.27815       -6.04935      -4.79945\n",
       "  -3.33067e-16  -4.22616   3.04061        2.67321       1.68265"
      ]
     },
     "execution_count": 24,
     "metadata": {},
     "output_type": "execute_result"
    }
   ],
   "source": [
    "B*H3"
   ]
  },
  {
   "cell_type": "code",
   "execution_count": 25,
   "metadata": {},
   "outputs": [
    {
     "data": {
      "text/plain": [
       "8×5 Array{Float64,2}:\n",
       " -17.2337       -7.76897  -2.45528e-17    3.56275e-17  -4.02705e-16\n",
       "   1.04083e-15   4.92246  -1.42395       -6.10679       7.60017\n",
       "   5.55112e-16  -7.76518  -2.43079       -7.46629       2.41256\n",
       "   1.11022e-16  -2.15602  10.3721         3.05818       7.69067\n",
       "   3.33067e-16   1.44647  11.1206         4.39534      -7.62125\n",
       "   4.09395e-16  -6.7548   -1.00769      -11.7749        4.06326\n",
       "   6.93889e-18  -8.18305   2.27815       -6.04935      -4.79945\n",
       "  -3.33067e-16  -4.22616   3.04061        2.67321       1.68265"
      ]
     },
     "execution_count": 25,
     "metadata": {},
     "output_type": "execute_result"
    }
   ],
   "source": [
    "H1*A*H3"
   ]
  },
  {
   "cell_type": "code",
   "execution_count": 2,
   "metadata": {},
   "outputs": [],
   "source": [
    "using LinearAlgebra"
   ]
  },
  {
   "cell_type": "code",
   "execution_count": 41,
   "metadata": {},
   "outputs": [
    {
     "data": {
      "text/latex": [
       "\\begin{verbatim}\n",
       "gebrd!(A) -> (A, d, e, tauq, taup)\n",
       "\\end{verbatim}\n",
       "Reduce \\texttt{A} in-place to bidiagonal form \\texttt{A = QBP'}. Returns \\texttt{A}, containing the bidiagonal matrix \\texttt{B}; \\texttt{d}, containing the diagonal elements of \\texttt{B}; \\texttt{e}, containing the off-diagonal elements of \\texttt{B}; \\texttt{tauq}, containing the elementary reflectors representing \\texttt{Q}; and \\texttt{taup}, containing the elementary reflectors representing \\texttt{P}.\n",
       "\n"
      ],
      "text/markdown": [
       "```\n",
       "gebrd!(A) -> (A, d, e, tauq, taup)\n",
       "```\n",
       "\n",
       "Reduce `A` in-place to bidiagonal form `A = QBP'`. Returns `A`, containing the bidiagonal matrix `B`; `d`, containing the diagonal elements of `B`; `e`, containing the off-diagonal elements of `B`; `tauq`, containing the elementary reflectors representing `Q`; and `taup`, containing the elementary reflectors representing `P`.\n"
      ],
      "text/plain": [
       "\u001b[36m  gebrd!(A) -> (A, d, e, tauq, taup)\u001b[39m\n",
       "\n",
       "  Reduce \u001b[36mA\u001b[39m in-place to bidiagonal form \u001b[36mA = QBP'\u001b[39m. Returns \u001b[36mA\u001b[39m, containing the\n",
       "  bidiagonal matrix \u001b[36mB\u001b[39m; \u001b[36md\u001b[39m, containing the diagonal elements of \u001b[36mB\u001b[39m; \u001b[36me\u001b[39m, containing\n",
       "  the off-diagonal elements of \u001b[36mB\u001b[39m; \u001b[36mtauq\u001b[39m, containing the elementary reflectors\n",
       "  representing \u001b[36mQ\u001b[39m; and \u001b[36mtaup\u001b[39m, containing the elementary reflectors representing\n",
       "  \u001b[36mP\u001b[39m."
      ]
     },
     "execution_count": 41,
     "metadata": {},
     "output_type": "execute_result"
    }
   ],
   "source": [
    "?LAPACK.gebrd!"
   ]
  },
  {
   "cell_type": "code",
   "execution_count": 42,
   "metadata": {},
   "outputs": [
    {
     "data": {
      "text/plain": [
       "([-17.233687939614086 -7.76897048243217 … 0.128739281508655 0.6261410509739129; -0.2668324795245306 -14.890247384185125 … -0.8769502559968347 0.025394350692863336; … ; 0.19059462823180756 -0.41302052973946735 … 0.36078939474593574 0.27938709255633576; -0.11435677693908453 -0.21330565047588582 … -0.14200886340449123 -0.27274236959087667], [-17.233687939614086, -14.890247384185125, 13.475190619553185, 13.673356118350501, 14.193966697750746], [-7.76897048243217, -9.85421673756534, -10.636159259139372, -1.2961631050111961, 1.58966657e-315], [1.5222329678670936, 1.3305825317403805, 1.4211703659081718, 1.1449365281707868, 1.7349788922897473], [1.2763503557700235, 1.130143592806911, 1.8042031786817188, 0.0, 0.0])"
      ]
     },
     "execution_count": 42,
     "metadata": {},
     "output_type": "execute_result"
    }
   ],
   "source": [
    "# We need copy()\n",
    "Outg=LAPACK.gebrd!(copy(A))"
   ]
  },
  {
   "cell_type": "code",
   "execution_count": 45,
   "metadata": {},
   "outputs": [
    {
     "data": {
      "text/plain": [
       "5-element Array{Float64,1}:\n",
       " 1.5222329678670936\n",
       " 1.3305825317403805\n",
       " 1.4211703659081718\n",
       " 1.1449365281707868\n",
       " 1.7349788922897473"
      ]
     },
     "execution_count": 45,
     "metadata": {},
     "output_type": "execute_result"
    }
   ],
   "source": [
    "Outg[4]"
   ]
  },
  {
   "cell_type": "code",
   "execution_count": 28,
   "metadata": {},
   "outputs": [
    {
     "data": {
      "text/plain": [
       "5×5 Bidiagonal{Float64,Array{Float64,1}}:\n",
       " -17.2337   -7.76897    ⋅          ⋅        ⋅ \n",
       "    ⋅      -14.8902   -9.85422     ⋅        ⋅ \n",
       "    ⋅         ⋅       13.4752   -10.6362    ⋅ \n",
       "    ⋅         ⋅         ⋅        13.6734  -1.29616\n",
       "    ⋅         ⋅         ⋅          ⋅      14.194"
      ]
     },
     "execution_count": 28,
     "metadata": {},
     "output_type": "execute_result"
    }
   ],
   "source": [
    "B=Bidiagonal(Outg[2],Outg[3][1:end-1],'U')"
   ]
  },
  {
   "cell_type": "code",
   "execution_count": 32,
   "metadata": {},
   "outputs": [
    {
     "data": {
      "text/plain": [
       "5×2 Array{Float64,2}:\n",
       " 22.7144   22.7144\n",
       " 19.4392   19.4392\n",
       " 14.7417   14.7417\n",
       " 13.9812   13.9812\n",
       "  7.37431   7.37431"
      ]
     },
     "execution_count": 32,
     "metadata": {},
     "output_type": "execute_result"
    }
   ],
   "source": [
    "[svdvals(A) svdvals(B)]"
   ]
  },
  {
   "cell_type": "code",
   "execution_count": 46,
   "metadata": {},
   "outputs": [
    {
     "data": {
      "text/plain": [
       "myBidiagY (generic function with 1 method)"
      ]
     },
     "execution_count": 46,
     "metadata": {},
     "output_type": "execute_result"
    }
   ],
   "source": [
    "# Extract X\n",
    "function myBidiagX(H::Matrix)\n",
    "    m,n=size(H)\n",
    "    T=typeof(H[1,1])\n",
    "    X = Matrix{T}(I,m,n)\n",
    "    v = Array{T}(undef,m)\n",
    "    for j = n : -1 : 1\n",
    "        v[j] = one(T)\n",
    "        v[j+1:m] = H[j+1:m, j]\n",
    "        γ = -2 / (v[j:m]⋅v[j:m])\n",
    "        w = γ * X[j:m, j:n]'*v[j:m]\n",
    "        X[j:m, j:n] = X[j:m, j:n] + v[j:m]*w'\n",
    "    end\n",
    "    X\n",
    "end\n",
    "\n",
    "# Extract Y\n",
    "function myBidiagY(H::AbstractMatrix)\n",
    "    n,m=size(H)\n",
    "    T=typeof(H[1,1])\n",
    "    Y = Matrix{T}(I,n,n)\n",
    "    v = Array{T}(undef,n)\n",
    "    for j = n-2 : -1 : 1\n",
    "        v[j+1] = one(T)\n",
    "        v[j+2:n] = H[j+2:n, j]\n",
    "        γ = -2 / (v[j+1:n]⋅v[j+1:n])\n",
    "        w = γ * Y[j+1:n, j+1:n]'*v[j+1:n]\n",
    "        Y[j+1:n, j+1:n] = Y[j+1:n, j+1:n] + v[j+1:n]*w'\n",
    "    end\n",
    "    Y\n",
    "end"
   ]
  },
  {
   "cell_type": "code",
   "execution_count": 47,
   "metadata": {},
   "outputs": [
    {
     "data": {
      "text/plain": [
       "8×5 Array{Float64,2}:\n",
       " -0.522233   0.153094   -0.389298    0.375871    0.602756\n",
       "  0.406181  -0.371433   -0.589452   -0.19564     0.169813\n",
       "  0.348155   0.48648    -0.0603962   0.0930414  -0.130866\n",
       "  0.348155   0.109779    0.303295   -0.234362    0.726816\n",
       " -0.348155  -0.0621273   0.0720229  -0.799631    0.0912441\n",
       "  0.290129   0.424461   -0.45901    -0.17818    -0.0117797\n",
       " -0.290129   0.578737   -0.129015   -0.268059   -0.143864\n",
       "  0.174078   0.266313    0.415734    0.117688    0.182486"
      ]
     },
     "execution_count": 47,
     "metadata": {},
     "output_type": "execute_result"
    }
   ],
   "source": [
    "X=myBidiagX(Outg[1])"
   ]
  },
  {
   "cell_type": "code",
   "execution_count": 48,
   "metadata": {},
   "outputs": [
    {
     "data": {
      "text/plain": [
       "5×5 Array{Float64,2}:\n",
       " 1.0   0.0        0.0         0.0         0.0\n",
       " 0.0  -0.27635   -0.0738167  -0.0301716  -0.957743\n",
       " 0.0  -0.507887  -0.159517   -0.826093    0.184866\n",
       " 0.0  -0.164316   0.981577   -0.0941737  -0.0252745\n",
       " 0.0  -0.799175  -0.0749189   0.55479     0.218894"
      ]
     },
     "execution_count": 48,
     "metadata": {},
     "output_type": "execute_result"
    }
   ],
   "source": [
    "Y=myBidiagY(Outg[1]')"
   ]
  },
  {
   "cell_type": "code",
   "execution_count": 49,
   "metadata": {},
   "outputs": [
    {
     "data": {
      "text/plain": [
       "(1.1982936726328904e-15, 5.960014444977975e-16)"
      ]
     },
     "execution_count": 49,
     "metadata": {},
     "output_type": "execute_result"
    }
   ],
   "source": [
    "# Orthogonality\n",
    "norm(X'*X-I), norm(Y'*Y-I)"
   ]
  },
  {
   "cell_type": "code",
   "execution_count": 50,
   "metadata": {},
   "outputs": [
    {
     "data": {
      "text/plain": [
       "1.2134615767632303e-14"
      ]
     },
     "execution_count": 50,
     "metadata": {},
     "output_type": "execute_result"
    }
   ],
   "source": [
    "# Residual error\n",
    "norm(A*Y-X*B)"
   ]
  },
  {
   "cell_type": "code",
   "execution_count": 53,
   "metadata": {},
   "outputs": [
    {
     "data": {
      "text/plain": [
       "myBidiagG (generic function with 1 method)"
      ]
     },
     "execution_count": 53,
     "metadata": {},
     "output_type": "execute_result"
    }
   ],
   "source": [
    "# Bidiagonalization using Givens rotations\n",
    "function myBidiagG(A1::Matrix)\n",
    "    A=deepcopy(A1)\n",
    "    m,n=size(A)\n",
    "    T=typeof(A[1,1])\n",
    "    X=Matrix{T}(I,m,m)\n",
    "    Y=Matrix{T}(I,n,n)\n",
    "    for j = 1 : n        \n",
    "        for i = j+1 : m\n",
    "            G,r=givens(A,j,i,j)\n",
    "            # Use the faster in-place variant\n",
    "            # A=G*A\n",
    "            lmul!(G,A)\n",
    "            # X=G*X\n",
    "            lmul!(G,X)\n",
    "            # display(A)\n",
    "        end\n",
    "        for i=j+2:n\n",
    "            G,r=givens(A',j+1,i,j)\n",
    "            # A*=adjoint(G)\n",
    "            rmul!(A,adjoint(G))\n",
    "            # Y*=adjoint(G)\n",
    "            rmul!(Y,adjoint(G))\n",
    "            # display(A)\n",
    "        end\n",
    "    end\n",
    "    X',Bidiagonal(diag(A),diag(A,1),'U'), Y\n",
    "end"
   ]
  },
  {
   "cell_type": "code",
   "execution_count": 54,
   "metadata": {
    "scrolled": false
   },
   "outputs": [
    {
     "data": {
      "text/plain": [
       "([0.5222329678670936 -0.15309399920139824 … -0.15076651875883973 0.07009783931517549; -0.4061811972299618 0.37143298314761614 … 0.32864415280786885 0.32201295739000246; … ; 0.2901294265928297 -0.5787367959838046 … 0.6867321565310394 0.00948705221054524; -0.1740776559556978 -0.26631343612734604 … 0.0 0.823885833236553], 5×5 Bidiagonal{Float64,Array{Float64,1}}:\n",
       " diag: 17.233687939614086  14.890247384185123  …  -14.193966697750746\n",
       " super: 7.76897048243217  9.854216737565345  10.636159259139376  1.2961631050112015, [1.0 -0.0 … 0.0 -0.0; 0.0 -0.27635035577002326 … -0.030171588021228657 0.9577427912919487; … ; 0.0 -0.16431642775514896 … -0.09417365216726617 0.025274480905889372; 0.0 -0.7991753531727701 … 0.5547895992064668 -0.21889360819642828])"
      ]
     },
     "execution_count": 54,
     "metadata": {},
     "output_type": "execute_result"
    }
   ],
   "source": [
    "X₁, B₁, Y₁ = myBidiagG(A)"
   ]
  },
  {
   "cell_type": "code",
   "execution_count": 55,
   "metadata": {},
   "outputs": [
    {
     "data": {
      "text/plain": [
       "(1.3649803812779788e-15, 4.217501041969514e-16)"
      ]
     },
     "execution_count": 55,
     "metadata": {},
     "output_type": "execute_result"
    }
   ],
   "source": [
    "# Orthogonality\n",
    "norm(X₁'*X₁-I), norm(Y₁'*Y₁-I)"
   ]
  },
  {
   "cell_type": "code",
   "execution_count": 56,
   "metadata": {},
   "outputs": [
    {
     "data": {
      "text/plain": [
       "8×5 Array{Float64,2}:\n",
       " 17.2337        7.76897        8.9948e-16    1.19459e-15   -3.86745e-16\n",
       "  1.11022e-15  14.8902         9.85422      -1.7583e-15     2.2406e-16\n",
       "  1.11022e-15  -9.38165e-17  -13.4752       10.6362        -4.84943e-16\n",
       " -1.01308e-15  -2.70843e-15   -1.73276e-15  13.6734         1.29616\n",
       "  5.55112e-17  -3.48249e-16    2.18673e-16  -1.91564e-15  -14.194\n",
       "  7.77156e-16  -7.21419e-17    1.83272e-15   1.11989e-15   -1.58309e-15\n",
       "  8.88178e-16  -1.05642e-15    1.69323e-15   4.62053e-16   -6.23447e-16\n",
       "  1.44329e-15  -4.30364e-16   -5.11474e-16   1.86434e-16    1.90036e-16"
      ]
     },
     "execution_count": 56,
     "metadata": {},
     "output_type": "execute_result"
    }
   ],
   "source": [
    "# Diagonalization\n",
    "X₁'*A*Y₁"
   ]
  },
  {
   "cell_type": "code",
   "execution_count": 57,
   "metadata": {},
   "outputs": [
    {
     "data": {
      "text/plain": [
       "5×5 Bidiagonal{Float64,Array{Float64,1}}:\n",
       " -17.2337   -7.76897    ⋅          ⋅        ⋅ \n",
       "    ⋅      -14.8902   -9.85422     ⋅        ⋅ \n",
       "    ⋅         ⋅       13.4752   -10.6362    ⋅ \n",
       "    ⋅         ⋅         ⋅        13.6734  -1.29616\n",
       "    ⋅         ⋅         ⋅          ⋅      14.194"
      ]
     },
     "execution_count": 57,
     "metadata": {},
     "output_type": "execute_result"
    }
   ],
   "source": [
    "# X, Y and B are not unique\n",
    "B"
   ]
  },
  {
   "cell_type": "code",
   "execution_count": 58,
   "metadata": {},
   "outputs": [
    {
     "data": {
      "text/plain": [
       "5×5 Bidiagonal{Float64,Array{Float64,1}}:\n",
       " 17.2337   7.76897     ⋅         ⋅         ⋅ \n",
       "   ⋅      14.8902     9.85422    ⋅         ⋅ \n",
       "   ⋅        ⋅       -13.4752   10.6362     ⋅ \n",
       "   ⋅        ⋅          ⋅       13.6734    1.29616\n",
       "   ⋅        ⋅          ⋅         ⋅      -14.194"
      ]
     },
     "execution_count": 58,
     "metadata": {},
     "output_type": "execute_result"
    }
   ],
   "source": [
    "B₁"
   ]
  },
  {
   "cell_type": "code",
   "execution_count": 61,
   "metadata": {},
   "outputs": [
    {
     "data": {
      "text/plain": [
       "5×5 Array{Float64,2}:\n",
       " 297.0    133.888     0.0       0.0       0.0\n",
       " 133.888  282.076   146.732     0.0       0.0\n",
       "   0.0    146.732   278.686  -143.324     0.0\n",
       "   0.0      0.0    -143.324   300.089   -17.7229\n",
       "   0.0      0.0       0.0     -17.7229  203.149"
      ]
     },
     "execution_count": 61,
     "metadata": {},
     "output_type": "execute_result"
    }
   ],
   "source": [
    "Matrix(B)'*Matrix(B)"
   ]
  },
  {
   "cell_type": "markdown",
   "metadata": {},
   "source": [
    "## Bidiagonal QR method\n",
    "\n",
    "Let $B$ be a real upper-bidiagonal matrix of order $n$ and let \n",
    "$B=W\\Sigma Z^T$ be its SVD.\n",
    "\n",
    "All metods for computing the SVD of bidiagonal matrix are derived from the methods \n",
    "for computing the EVD of the tridiagonal matrix $T=B^T B$.\n",
    "\n",
    "\n",
    "### Facts\n",
    "\n",
    "1. The shift $\\mu$ is the eigenvalue of the $2\\times 2$ matrix $T_{n-1:n,n-1:n}$ which is closer to $T_{n,n}$. The first Givens rotation from the right is the one which annihilates \n",
    "the element $(1,2)$ of the shifted $2\\times 2$ matrix $T_{1:2,1:2}-\\mu I$. Applying this rotation to $B$ creates the bulge at the element $B_{2,1}$. This bulge is subsequently chased out by applying adequate Givens rotations alternating from the left and from the right.\n",
    "This is the __Golub-Kahan algorithm__.\n",
    "\n",
    "2. The computed SVD satisfes error bounds from the Fact 4 above.\n",
    "\n",
    "3. The special variant of zero-shift QR algorithm (the __Demmel-Kahan algorithm__) computes the singular values with high relative accuracy. \n",
    "\n",
    "4. The tridiagonal divide-and-conquer method, bisection and inverse iteration, and MRRR method can also be adapted for bidiagonal matrices. \n",
    "\n",
    "5. Zero shift QR algorithm for bidiagonal matrices is implemented in the LAPACK routine \n",
    "[DBDSQR](http://www.netlib.org/lapack/explore-html/db/dcc/dbdsqr_8f.html). It is also used in the function `svdvals()`. Divide-and-conquer algorithm for bidiagonal matrices is implemented in the LAPACK routine \n",
    "[DBDSDC](http://www.netlib.org/lapack/explore-html/d9/d08/dbdsdc_8f.html). However, this algorithm also calls zero-shift QR to compute singular values.\n",
    "\n",
    "### Examples"
   ]
  },
  {
   "cell_type": "code",
   "execution_count": 62,
   "metadata": {},
   "outputs": [
    {
     "data": {
      "text/plain": [
       "SVD{Float64,Float64,Array{Float64,2}}\n",
       "U factor:\n",
       "5×5 Array{Float64,2}:\n",
       "  0.471185   -0.699859    0.439019    0.274686   0.141392\n",
       "  0.64595    -0.124171   -0.531454   -0.38439   -0.370313\n",
       " -0.548414   -0.554479   -0.0237941  -0.117773  -0.614295\n",
       "  0.244482    0.430483    0.472585    0.270608  -0.677014\n",
       " -0.0143028  -0.0448941  -0.548558    0.830478  -0.0846805\n",
       "singular values:\n",
       "5-element Array{Float64,1}:\n",
       " 22.71443872538939\n",
       " 19.439175375504053\n",
       " 14.741722158615167\n",
       " 13.981197372822301\n",
       "  7.374312302263113\n",
       "Vt factor:\n",
       "5×5 Array{Float64,2}:\n",
       " -0.357493  -0.584605  -0.605576   0.403968  -0.0228886\n",
       "  0.620456   0.374817  -0.321418   0.606182  -0.0614842\n",
       " -0.513232   0.305443   0.333505   0.455503  -0.569728\n",
       " -0.338587   0.256748   0.157415   0.354245   0.818029\n",
       " -0.330432   0.598778  -0.627665  -0.369298  -0.0439948"
      ]
     },
     "execution_count": 62,
     "metadata": {},
     "output_type": "execute_result"
    }
   ],
   "source": [
    "W,σ,Z=svd(B)"
   ]
  },
  {
   "cell_type": "code",
   "execution_count": 65,
   "metadata": {},
   "outputs": [
    {
     "data": {
      "text/html": [
       "svd(M::<b>Bidiagonal</b>; <i>kw...</i>) in LinearAlgebra at <a href=\"file://D:/buildbot/worker/package_win64/build/usr/share/julia/stdlib/v1.4/LinearAlgebra/src/bidiag.jl\" target=\"_blank\">C:\\Users\\Ivan_Slapnicar\\AppData\\Local\\Programs\\Julia\\Julia-1.4.1\\share\\julia\\stdlib\\v1.4\\LinearAlgebra\\src\\bidiag.jl:204</a>"
      ],
      "text/plain": [
       "svd(M::Bidiagonal; kw...) in LinearAlgebra at C:\\Users\\Ivan_Slapnicar\\AppData\\Local\\Programs\\Julia\\Julia-1.4.1\\share\\julia\\stdlib\\v1.4\\LinearAlgebra\\src\\bidiag.jl:204"
      ]
     },
     "execution_count": 65,
     "metadata": {},
     "output_type": "execute_result"
    }
   ],
   "source": [
    "@which svd(B)"
   ]
  },
  {
   "cell_type": "code",
   "execution_count": 66,
   "metadata": {},
   "outputs": [
    {
     "data": {
      "text/plain": [
       "5-element Array{Float64,1}:\n",
       " 22.7144387253894\n",
       " 19.43917537550406\n",
       " 14.74172215861516\n",
       " 13.9811973728223\n",
       "  7.374312302263106"
      ]
     },
     "execution_count": 66,
     "metadata": {},
     "output_type": "execute_result"
    }
   ],
   "source": [
    "σ₁=svdvals(B)"
   ]
  },
  {
   "cell_type": "code",
   "execution_count": 67,
   "metadata": {},
   "outputs": [
    {
     "data": {
      "text/html": [
       "svdvals(A::<b>AbstractArray{#s664,2} where #s664<:Union{Complex{Float32}, Complex{Float64}, Float32, Float64}</b>) in LinearAlgebra at <a href=\"file://D:/buildbot/worker/package_win64/build/usr/share/julia/stdlib/v1.4/LinearAlgebra/src/svd.jl\" target=\"_blank\">C:\\Users\\Ivan_Slapnicar\\AppData\\Local\\Programs\\Julia\\Julia-1.4.1\\share\\julia\\stdlib\\v1.4\\LinearAlgebra\\src\\svd.jl:194</a>"
      ],
      "text/plain": [
       "svdvals(A::AbstractArray{#s664,2} where #s664<:Union{Complex{Float32}, Complex{Float64}, Float32, Float64}) in LinearAlgebra at C:\\Users\\Ivan_Slapnicar\\AppData\\Local\\Programs\\Julia\\Julia-1.4.1\\share\\julia\\stdlib\\v1.4\\LinearAlgebra\\src\\svd.jl:194"
      ]
     },
     "execution_count": 67,
     "metadata": {},
     "output_type": "execute_result"
    }
   ],
   "source": [
    "@which svdvals(B)"
   ]
  },
  {
   "cell_type": "code",
   "execution_count": 68,
   "metadata": {},
   "outputs": [
    {
     "data": {
      "text/plain": [
       "5-element Array{Float64,1}:\n",
       " -1.0658141036401503e-14\n",
       " -7.105427357601002e-15\n",
       "  7.105427357601002e-15\n",
       "  1.7763568394002505e-15\n",
       "  7.105427357601002e-15"
      ]
     },
     "execution_count": 68,
     "metadata": {},
     "output_type": "execute_result"
    }
   ],
   "source": [
    "σ-σ₁"
   ]
  },
  {
   "cell_type": "code",
   "execution_count": 69,
   "metadata": {},
   "outputs": [
    {
     "data": {
      "text/latex": [
       "\\begin{verbatim}\n",
       "bdsqr!(uplo, d, e_, Vt, U, C) -> (d, Vt, U, C)\n",
       "\\end{verbatim}\n",
       "Computes the singular value decomposition of a bidiagonal matrix with \\texttt{d} on the diagonal and \\texttt{e\\_} on the off-diagonal. If \\texttt{uplo = U}, \\texttt{e\\_} is the superdiagonal. If \\texttt{uplo = L}, \\texttt{e\\_} is the subdiagonal. Can optionally also compute the product \\texttt{Q' * C}.\n",
       "\n",
       "Returns the singular values in \\texttt{d}, and the matrix \\texttt{C} overwritten with \\texttt{Q' * C}.\n",
       "\n"
      ],
      "text/markdown": [
       "```\n",
       "bdsqr!(uplo, d, e_, Vt, U, C) -> (d, Vt, U, C)\n",
       "```\n",
       "\n",
       "Computes the singular value decomposition of a bidiagonal matrix with `d` on the diagonal and `e_` on the off-diagonal. If `uplo = U`, `e_` is the superdiagonal. If `uplo = L`, `e_` is the subdiagonal. Can optionally also compute the product `Q' * C`.\n",
       "\n",
       "Returns the singular values in `d`, and the matrix `C` overwritten with `Q' * C`.\n"
      ],
      "text/plain": [
       "\u001b[36m  bdsqr!(uplo, d, e_, Vt, U, C) -> (d, Vt, U, C)\u001b[39m\n",
       "\n",
       "  Computes the singular value decomposition of a bidiagonal matrix with \u001b[36md\u001b[39m on\n",
       "  the diagonal and \u001b[36me_\u001b[39m on the off-diagonal. If \u001b[36muplo = U\u001b[39m, \u001b[36me_\u001b[39m is the\n",
       "  superdiagonal. If \u001b[36muplo = L\u001b[39m, \u001b[36me_\u001b[39m is the subdiagonal. Can optionally also\n",
       "  compute the product \u001b[36mQ' * C\u001b[39m.\n",
       "\n",
       "  Returns the singular values in \u001b[36md\u001b[39m, and the matrix \u001b[36mC\u001b[39m overwritten with \u001b[36mQ' * C\u001b[39m."
      ]
     },
     "execution_count": 69,
     "metadata": {},
     "output_type": "execute_result"
    }
   ],
   "source": [
    "?LAPACK.bdsqr!"
   ]
  },
  {
   "cell_type": "code",
   "execution_count": 70,
   "metadata": {},
   "outputs": [
    {
     "data": {
      "text/plain": [
       "5-element Array{Float64,1}:\n",
       " -17.233687939614086\n",
       " -14.890247384185125\n",
       "  13.475190619553185\n",
       "  13.673356118350501\n",
       "  14.193966697750746"
      ]
     },
     "execution_count": 70,
     "metadata": {},
     "output_type": "execute_result"
    }
   ],
   "source": [
    "B.dv"
   ]
  },
  {
   "cell_type": "code",
   "execution_count": 71,
   "metadata": {},
   "outputs": [
    {
     "data": {
      "text/plain": [
       "5×5 Bidiagonal{Float64,Array{Float64,1}}:\n",
       " 1.0  0.0   ⋅    ⋅    ⋅ \n",
       "  ⋅   1.0  0.0   ⋅    ⋅ \n",
       "  ⋅    ⋅   1.0  0.0   ⋅ \n",
       "  ⋅    ⋅    ⋅   1.0  0.0\n",
       "  ⋅    ⋅    ⋅    ⋅   1.0"
      ]
     },
     "execution_count": 71,
     "metadata": {},
     "output_type": "execute_result"
    }
   ],
   "source": [
    "one(B)"
   ]
  },
  {
   "cell_type": "code",
   "execution_count": 77,
   "metadata": {},
   "outputs": [
    {
     "data": {
      "text/plain": [
       "([22.71443872538939, 19.439175375504053, 14.741722158615167, 13.981197372822301, 7.374312302263113], [-0.3574931844947342 -0.5846050242892535 … 0.4039677234405411 -0.022888581149161945; 0.6204560208800932 0.3748165122085779 … 0.6061822062385038 -0.06148419671564419; … ; -0.33858691851450035 0.2567475263905849 … 0.3542448598305683 0.8180285726822231; -0.33043169301926517 0.5987778619961728 … -0.36929755632795147 -0.0439947614449794], [0.47118510340925945 -0.6998591041532833 … 0.2746858682943597 0.14139205185957202; 0.6459497679561967 -0.1241711534217206 … -0.38439013781932746 -0.3703125602362496; … ; 0.2444815803934529 0.4304832156808261 … 0.2706075571293588 -0.6770139926373585; -0.014302786105246401 -0.044894118385265115 … 0.8304775341367058 -0.08468046283229448], [0.47118510340925945 0.6459497679561967 … 0.2444815803934529 -0.014302786105246401; -0.6998591041532833 -0.1241711534217206 … 0.4304832156808261 -0.044894118385265115; … ; 0.2746858682943597 -0.38439013781932746 … 0.2706075571293588 0.8304775341367058; 0.14139205185957202 -0.3703125602362496 … -0.6770139926373585 -0.08468046283229448])"
      ]
     },
     "execution_count": 77,
     "metadata": {},
     "output_type": "execute_result"
    }
   ],
   "source": [
    "BV=Matrix(one(B))\n",
    "BU=Matrix(one(B))\n",
    "BC=Matrix(one(B))\n",
    "σ₂,Z₂,W₂,C = LAPACK.bdsqr!('U',copy(B.dv),copy(B.ev),BV,BU,BC)"
   ]
  },
  {
   "cell_type": "code",
   "execution_count": 78,
   "metadata": {},
   "outputs": [
    {
     "data": {
      "text/plain": [
       "5×5 Array{Float64,2}:\n",
       " 22.7144        2.60902e-15   1.44329e-15   9.4369e-16   -4.00374e-15\n",
       "  2.95597e-15  19.4392       -4.55191e-15  -2.33147e-15   2.90046e-15\n",
       "  4.96825e-15   6.32827e-15  14.7417       -2.66454e-15   5.16254e-15\n",
       "  1.88738e-15   2.33147e-15   8.88178e-16  13.9812        6.66134e-16\n",
       "  4.82253e-16   2.86229e-15   2.52576e-15   2.10942e-15   7.37431"
      ]
     },
     "execution_count": 78,
     "metadata": {},
     "output_type": "execute_result"
    }
   ],
   "source": [
    "W₂'*B*Z₂'"
   ]
  },
  {
   "cell_type": "code",
   "execution_count": 79,
   "metadata": {},
   "outputs": [
    {
     "data": {
      "text/latex": [
       "\\begin{verbatim}\n",
       "bdsdc!(uplo, compq, d, e_) -> (d, e, u, vt, q, iq)\n",
       "\\end{verbatim}\n",
